[
       array([-0.05249634,  0.06907545,  0.01696841, -0.04437751, -0.01773074,
       -0.00779099,  0.00764838, -0.11103041,  0.03016937, -0.05233946,
        0.22870202, -0.11774477, -0.36365932, -0.03254493,  0.05325158,
        0.11876214, -0.10512609, -0.06939563, -0.16918513,  0.01229331,
       -0.00038956,  0.02701943,  0.06047568,  0.05222103, -0.04405238,
       -0.35495323, -0.03551292, -0.06629098,  0.02371504, -0.05863836,
       -0.06232432, -0.02906857, -0.1277885 ,  0.01835808,  0.00469513,
        0.00690347, -0.13903706, -0.14591967,  0.2595585 ,  0.03428803,
       -0.17780247, -0.04516977,  0.03504218,  0.19409323,  0.14773469,
       -0.00356738,  0.05804274, -0.09832479,  0.0397277 , -0.29073218,
        0.11360996,  0.10404501,  0.13431585,  0.08364593,  0.07346525,
       -0.22310853, -0.01095363,  0.18087444, -0.23253639,  0.07299177,
        0.05056888,  0.00356948, -0.07002599, -0.0863058 ,  0.25370517,
        0.20642754, -0.15583411, -0.12325512,  0.15473215, -0.13709363,
       -0.0632837 ,  0.03856753, -0.07717732, -0.21448953, -0.22496301,
        0.04021108,  0.22129063,  0.15279412, -0.22015128, -0.0619631 ,
       -0.07322315, -0.02652585,  0.08553873,  0.01789974, -0.11093479,
       -0.03333092, -0.06951012, -0.02152081,  0.15520944, -0.01870979,
       -0.05859345,  0.2388871 ,  0.01198743, -0.02342023,  0.05975743,
        0.00886621, -0.08216241, -0.02164914, -0.14976126, -0.01093659,
        0.05130834, -0.15008183,  0.01437829,  0.09149261, -0.19811636,
        0.18014103,  0.00887705, -0.04389582,  0.07720262, -0.04178995,
       -0.11755393,  0.00261278,  0.15127784, -0.28717646,  0.2135442 ,
        0.13964471,  0.12691994,  0.1152139 ,  0.07118423,  0.04949846,
        0.02335306, -0.00792569, -0.24225384, -0.05020178,  0.10543645,
        0.02156849,  0.0331997 ,  0.06180348]), 
        array([-8.40703472e-02,  1.41295716e-01,  1.33357018e-01, -1.36510478e-02,
        3.96226346e-03, -8.14093649e-02,  8.34498033e-02, -6.03954121e-03,
        1.92051589e-01, -3.82675454e-02,  2.79130876e-01, -2.26279944e-02,
       -2.55330682e-01, -8.80146548e-02,  2.64613256e-02,  1.23677403e-01,
       -1.82616949e-01, -8.93028900e-02, -6.56828210e-02, -1.79624230e-01,
        3.67948078e-02,  5.29211983e-02, -6.09526560e-02,  6.78207129e-02,
       -2.51131430e-02, -2.61814743e-01, -6.11263178e-02, -2.10235447e-01,
        9.34445709e-02, -1.44368798e-01, -6.60050288e-02,  1.71216577e-03,
       -9.32426900e-02, -8.96636099e-02, -4.02720869e-02, -5.79925030e-02,
        1.10751092e-01, -9.02016759e-02,  1.63803115e-01,  2.12884881e-03,
       -6.34083822e-02, -1.88428015e-02,  8.13286602e-02,  2.97533870e-01,
        1.62121922e-01, -4.65058535e-02,  5.41592427e-02,  1.59271657e-02,
        1.02108918e-01, -1.62789539e-01,  5.74099384e-02,  5.50694838e-02,
        2.06622481e-01,  1.04563057e-01,  4.69636694e-02, -2.55552411e-01,
       -1.20861113e-01,  2.85531525e-02, -1.45828888e-01,  1.10399425e-01,
        4.26551327e-02, -4.87608016e-02, -1.03142068e-01, -1.93400681e-02,
        2.79554546e-01,  7.76612237e-02, -1.55879274e-01, -1.53200060e-01,
        1.34095103e-01, -1.46016896e-01, -8.09791386e-02,  3.38135585e-02,
       -1.80151671e-01, -3.56553122e-04, -2.51323700e-01,  1.34840921e-01,
        3.52461189e-01,  4.32135165e-02, -1.89494103e-01,  2.64667124e-02,
       -2.36516982e-01, -1.43561736e-02, -4.75842804e-02,  1.01768441e-01,
       -5.01494780e-02,  5.48483878e-02, -8.27245340e-02,  3.96927446e-02,
        1.04008757e-01, -8.37743282e-04, -6.39358684e-02,  1.75044656e-01,
       -3.18298265e-02,  3.76456231e-02, -4.44310606e-02,  3.52098793e-03,
       -6.75772429e-02, -4.95284982e-02, -4.93120402e-02, -1.74718797e-02,
        1.75687447e-02, -9.48786438e-02, -4.06591147e-02,  9.16035175e-02,
       -2.51656234e-01,  6.48153722e-02,  4.23978493e-02,  1.66245699e-02,
       -2.79029608e-02,  7.69601464e-02, -4.64017019e-02,  1.47604942e-03,
        1.48608863e-01, -2.64315277e-01,  1.75907955e-01,  1.72022194e-01,
        7.79960155e-02,  1.23893589e-01, -3.96517664e-02,  3.51997316e-02,
        3.36255431e-02, -5.74517772e-02, -1.10317782e-01, -3.40601951e-02,
        1.99376494e-02,  3.27043235e-04,  2.17184424e-04,  7.33370483e-02]), 
        array([-0.05789308,  0.02300187,  0.05928981, -0.10819859, -0.02774507,
        0.00998817, -0.00805231, -0.18440309,  0.19215932, -0.15272982,
        0.21349216, -0.06640533, -0.20599967, -0.04440309, -0.08406501,
        0.18078023, -0.18134309, -0.17167719, -0.10286398, -0.08511295,
       -0.0437241 ,  0.05363553,  0.0839963 ,  0.09942213, -0.00987188,
       -0.3206262 , -0.06789695, -0.2099742 ,  0.0963374 , -0.03929247,
       -0.05808578,  0.03523148, -0.23210284,  0.03886363,  0.00294369,
        0.07153308, -0.05508104, -0.07192756,  0.16787557, -0.01397659,
       -0.14021991, -0.05753444,  0.00685661,  0.15243942,  0.23017395,
       -0.0244227 , -0.00923091, -0.1026015 ,  0.05529393, -0.1861168 ,
       -0.05510313,  0.11303639,  0.14277521,  0.07410578,  0.03977484,
       -0.21842572, -0.0187006 ,  0.06234928, -0.12616386,  0.03417142,
       -0.02764545, -0.05562038, -0.02962164, -0.06106684,  0.30380356,
        0.02718027, -0.18042627, -0.0945069 ,  0.19670042, -0.15979573,
        0.05066172,  0.08126374, -0.133371  , -0.15751418, -0.16199398,
       -0.0412665 ,  0.36119062,  0.09645057, -0.15510455,  0.06072749,
       -0.2043131 ,  0.00347393, -0.06182971,  0.04876992, -0.05950036,
        0.0439007 , -0.07146541, -0.03017956,  0.12636372, -0.09442463,
        0.0359115 ,  0.22306606, -0.13932313,  0.059457  , -0.02523203,
       -0.01937917, -0.08430493,  0.00766996, -0.09191723, -0.02177733,
       -0.12761422, -0.08509465,  0.00508571,  0.01789801, -0.16462377,
        0.07854219, -0.00764862, -0.01216002, -0.00153609,  0.03314006,
       -0.09814006, -0.07915472,  0.20946293, -0.3077727 ,  0.2059761 ,
        0.20124277,  0.04940602,  0.18148267,  0.04503091,  0.11215766,
       -0.05412932, -0.04075946, -0.17457815, -0.01542669,  0.06051978,
       -0.05334174, -0.01322685,  0.02770573])]
[array([-0.05249634,  0.06907545,  0.01696841, -0.04437751, -0.01773074,
       -0.00779099,  0.00764838, -0.11103041,  0.03016937, -0.05233946,
        0.22870202, -0.11774477, -0.36365932, -0.03254493,  0.05325158,
        0.11876214, -0.10512609, -0.06939563, -0.16918513,  0.01229331,
       -0.00038956,  0.02701943,  0.06047568,  0.05222103, -0.04405238,
       -0.35495323, -0.03551292, -0.06629098,  0.02371504, -0.05863836,
       -0.06232432, -0.02906857, -0.1277885 ,  0.01835808,  0.00469513,
        0.00690347, -0.13903706, -0.14591967,  0.2595585 ,  0.03428803,
       -0.17780247, -0.04516977,  0.03504218,  0.19409323,  0.14773469,
       -0.00356738,  0.05804274, -0.09832479,  0.0397277 , -0.29073218,
        0.11360996,  0.10404501,  0.13431585,  0.08364593,  0.07346525,
       -0.22310853, -0.01095363,  0.18087444, -0.23253639,  0.07299177,
        0.05056888,  0.00356948, -0.07002599, -0.0863058 ,  0.25370517,
        0.20642754, -0.15583411, -0.12325512,  0.15473215, -0.13709363,
       -0.0632837 ,  0.03856753, -0.07717732, -0.21448953, -0.22496301,
        0.04021108,  0.22129063,  0.15279412, -0.22015128, -0.0619631 ,
       -0.07322315, -0.02652585,  0.08553873,  0.01789974, -0.11093479,
       -0.03333092, -0.06951012, -0.02152081,  0.15520944, -0.01870979,
       -0.05859345,  0.2388871 ,  0.01198743, -0.02342023,  0.05975743,
        0.00886621, -0.08216241, -0.02164914, -0.14976126, -0.01093659,
        0.05130834, -0.15008183,  0.01437829,  0.09149261, -0.19811636,
        0.18014103,  0.00887705, -0.04389582,  0.07720262, -0.04178995,
       -0.11755393,  0.00261278,  0.15127784, -0.28717646,  0.2135442 ,
        0.13964471,  0.12691994,  0.1152139 ,  0.07118423,  0.04949846,
        0.02335306, -0.00792569, -0.24225384, -0.05020178,  0.10543645,
        0.02156849,  0.0331997 ,  0.06180348]), array([-8.40703472e-02,  1.41295716e-01,  1.33357018e-01, -1.36510478e-02,
        3.96226346e-03, -8.14093649e-02,  8.34498033e-02, -6.03954121e-03,
        1.92051589e-01, -3.82675454e-02,  2.79130876e-01, -2.26279944e-02,
       -2.55330682e-01, -8.80146548e-02,  2.64613256e-02,  1.23677403e-01,
       -1.82616949e-01, -8.93028900e-02, -6.56828210e-02, -1.79624230e-01,
        3.67948078e-02,  5.29211983e-02, -6.09526560e-02,  6.78207129e-02,
       -2.51131430e-02, -2.61814743e-01, -6.11263178e-02, -2.10235447e-01,
        9.34445709e-02, -1.44368798e-01, -6.60050288e-02,  1.71216577e-03,
       -9.32426900e-02, -8.96636099e-02, -4.02720869e-02, -5.79925030e-02,
        1.10751092e-01, -9.02016759e-02,  1.63803115e-01,  2.12884881e-03,
       -6.34083822e-02, -1.88428015e-02,  8.13286602e-02,  2.97533870e-01,
        1.62121922e-01, -4.65058535e-02,  5.41592427e-02,  1.59271657e-02,
        1.02108918e-01, -1.62789539e-01,  5.74099384e-02,  5.50694838e-02,
        2.06622481e-01,  1.04563057e-01,  4.69636694e-02, -2.55552411e-01,
       -1.20861113e-01,  2.85531525e-02, -1.45828888e-01,  1.10399425e-01,
        4.26551327e-02, -4.87608016e-02, -1.03142068e-01, -1.93400681e-02,
        2.79554546e-01,  7.76612237e-02, -1.55879274e-01, -1.53200060e-01,
        1.34095103e-01, -1.46016896e-01, -8.09791386e-02,  3.38135585e-02,
       -1.80151671e-01, -3.56553122e-04, -2.51323700e-01,  1.34840921e-01,
        3.52461189e-01,  4.32135165e-02, -1.89494103e-01,  2.64667124e-02,
       -2.36516982e-01, -1.43561736e-02, -4.75842804e-02,  1.01768441e-01,
       -5.01494780e-02,  5.48483878e-02, -8.27245340e-02,  3.96927446e-02,
        1.04008757e-01, -8.37743282e-04, -6.39358684e-02,  1.75044656e-01,
       -3.18298265e-02,  3.76456231e-02, -4.44310606e-02,  3.52098793e-03,
       -6.75772429e-02, -4.95284982e-02, -4.93120402e-02, -1.74718797e-02,
        1.75687447e-02, -9.48786438e-02, -4.06591147e-02,  9.16035175e-02,
       -2.51656234e-01,  6.48153722e-02,  4.23978493e-02,  1.66245699e-02,
       -2.79029608e-02,  7.69601464e-02, -4.64017019e-02,  1.47604942e-03,
        1.48608863e-01, -2.64315277e-01,  1.75907955e-01,  1.72022194e-01,
        7.79960155e-02,  1.23893589e-01, -3.96517664e-02,  3.51997316e-02,
        3.36255431e-02, -5.74517772e-02, -1.10317782e-01, -3.40601951e-02,
        1.99376494e-02,  3.27043235e-04,  2.17184424e-04,  7.33370483e-02]), array([-0.05789308,  0.02300187,  0.05928981, -0.10819859, -0.02774507,
        0.00998817, -0.00805231, -0.18440309,  0.19215932, -0.15272982,
        0.21349216, -0.06640533, -0.20599967, -0.04440309, -0.08406501,
        0.18078023, -0.18134309, -0.17167719, -0.10286398, -0.08511295,
       -0.0437241 ,  0.05363553,  0.0839963 ,  0.09942213, -0.00987188,
       -0.3206262 , -0.06789695, -0.2099742 ,  0.0963374 , -0.03929247,
       -0.05808578,  0.03523148, -0.23210284,  0.03886363,  0.00294369,
        0.07153308, -0.05508104, -0.07192756,  0.16787557, -0.01397659,
       -0.14021991, -0.05753444,  0.00685661,  0.15243942,  0.23017395,
       -0.0244227 , -0.00923091, -0.1026015 ,  0.05529393, -0.1861168 ,
       -0.05510313,  0.11303639,  0.14277521,  0.07410578,  0.03977484,
       -0.21842572, -0.0187006 ,  0.06234928, -0.12616386,  0.03417142,
       -0.02764545, -0.05562038, -0.02962164, -0.06106684,  0.30380356,
        0.02718027, -0.18042627, -0.0945069 ,  0.19670042, -0.15979573,
        0.05066172,  0.08126374, -0.133371  , -0.15751418, -0.16199398,
       -0.0412665 ,  0.36119062,  0.09645057, -0.15510455,  0.06072749,
       -0.2043131 ,  0.00347393, -0.06182971,  0.04876992, -0.05950036,
        0.0439007 , -0.07146541, -0.03017956,  0.12636372, -0.09442463,
        0.0359115 ,  0.22306606, -0.13932313,  0.059457  , -0.02523203,
       -0.01937917, -0.08430493,  0.00766996, -0.09191723, -0.02177733,
       -0.12761422, -0.08509465,  0.00508571,  0.01789801, -0.16462377,
        0.07854219, -0.00764862, -0.01216002, -0.00153609,  0.03314006,
       -0.09814006, -0.07915472,  0.20946293, -0.3077727 ,  0.2059761 ,
        0.20124277,  0.04940602,  0.18148267,  0.04503091,  0.11215766,
       -0.05412932, -0.04075946, -0.17457815, -0.01542669,  0.06051978,
       -0.05334174, -0.01322685,  0.02770573])]
[array([-0.05249634,  0.06907545,  0.01696841, -0.04437751, -0.01773074,
       -0.00779099,  0.00764838, -0.11103041,  0.03016937, -0.05233946,
        0.22870202, -0.11774477, -0.36365932, -0.03254493,  0.05325158,
        0.11876214, -0.10512609, -0.06939563, -0.16918513,  0.01229331,
       -0.00038956,  0.02701943,  0.06047568,  0.05222103, -0.04405238,
       -0.35495323, -0.03551292, -0.06629098,  0.02371504, -0.05863836,
       -0.06232432, -0.02906857, -0.1277885 ,  0.01835808,  0.00469513,
        0.00690347, -0.13903706, -0.14591967,  0.2595585 ,  0.03428803,
       -0.17780247, -0.04516977,  0.03504218,  0.19409323,  0.14773469,
       -0.00356738,  0.05804274, -0.09832479,  0.0397277 , -0.29073218,
        0.11360996,  0.10404501,  0.13431585,  0.08364593,  0.07346525,
       -0.22310853, -0.01095363,  0.18087444, -0.23253639,  0.07299177,
        0.05056888,  0.00356948, -0.07002599, -0.0863058 ,  0.25370517,
        0.20642754, -0.15583411, -0.12325512,  0.15473215, -0.13709363,
       -0.0632837 ,  0.03856753, -0.07717732, -0.21448953, -0.22496301,
        0.04021108,  0.22129063,  0.15279412, -0.22015128, -0.0619631 ,
       -0.07322315, -0.02652585,  0.08553873,  0.01789974, -0.11093479,
       -0.03333092, -0.06951012, -0.02152081,  0.15520944, -0.01870979,
       -0.05859345,  0.2388871 ,  0.01198743, -0.02342023,  0.05975743,
        0.00886621, -0.08216241, -0.02164914, -0.14976126, -0.01093659,
        0.05130834, -0.15008183,  0.01437829,  0.09149261, -0.19811636,
        0.18014103,  0.00887705, -0.04389582,  0.07720262, -0.04178995,
       -0.11755393,  0.00261278,  0.15127784, -0.28717646,  0.2135442 ,
        0.13964471,  0.12691994,  0.1152139 ,  0.07118423,  0.04949846,
        0.02335306, -0.00792569, -0.24225384, -0.05020178,  0.10543645,
        0.02156849,  0.0331997 ,  0.06180348]), array([-8.40703472e-02,  1.41295716e-01,  1.33357018e-01, -1.36510478e-02,
        3.96226346e-03, -8.14093649e-02,  8.34498033e-02, -6.03954121e-03,
        1.92051589e-01, -3.82675454e-02,  2.79130876e-01, -2.26279944e-02,
       -2.55330682e-01, -8.80146548e-02,  2.64613256e-02,  1.23677403e-01,
       -1.82616949e-01, -8.93028900e-02, -6.56828210e-02, -1.79624230e-01,
        3.67948078e-02,  5.29211983e-02, -6.09526560e-02,  6.78207129e-02,
       -2.51131430e-02, -2.61814743e-01, -6.11263178e-02, -2.10235447e-01,
        9.34445709e-02, -1.44368798e-01, -6.60050288e-02,  1.71216577e-03,
       -9.32426900e-02, -8.96636099e-02, -4.02720869e-02, -5.79925030e-02,
        1.10751092e-01, -9.02016759e-02,  1.63803115e-01,  2.12884881e-03,
       -6.34083822e-02, -1.88428015e-02,  8.13286602e-02,  2.97533870e-01,
        1.62121922e-01, -4.65058535e-02,  5.41592427e-02,  1.59271657e-02,
        1.02108918e-01, -1.62789539e-01,  5.74099384e-02,  5.50694838e-02,
        2.06622481e-01,  1.04563057e-01,  4.69636694e-02, -2.55552411e-01,
       -1.20861113e-01,  2.85531525e-02, -1.45828888e-01,  1.10399425e-01,
        4.26551327e-02, -4.87608016e-02, -1.03142068e-01, -1.93400681e-02,
        2.79554546e-01,  7.76612237e-02, -1.55879274e-01, -1.53200060e-01,
        1.34095103e-01, -1.46016896e-01, -8.09791386e-02,  3.38135585e-02,
       -1.80151671e-01, -3.56553122e-04, -2.51323700e-01,  1.34840921e-01,
        3.52461189e-01,  4.32135165e-02, -1.89494103e-01,  2.64667124e-02,
       -2.36516982e-01, -1.43561736e-02, -4.75842804e-02,  1.01768441e-01,
       -5.01494780e-02,  5.48483878e-02, -8.27245340e-02,  3.96927446e-02,
        1.04008757e-01, -8.37743282e-04, -6.39358684e-02,  1.75044656e-01,
       -3.18298265e-02,  3.76456231e-02, -4.44310606e-02,  3.52098793e-03,
       -6.75772429e-02, -4.95284982e-02, -4.93120402e-02, -1.74718797e-02,
        1.75687447e-02, -9.48786438e-02, -4.06591147e-02,  9.16035175e-02,
       -2.51656234e-01,  6.48153722e-02,  4.23978493e-02,  1.66245699e-02,
       -2.79029608e-02,  7.69601464e-02, -4.64017019e-02,  1.47604942e-03,
        1.48608863e-01, -2.64315277e-01,  1.75907955e-01,  1.72022194e-01,
        7.79960155e-02,  1.23893589e-01, -3.96517664e-02,  3.51997316e-02,
        3.36255431e-02, -5.74517772e-02, -1.10317782e-01, -3.40601951e-02,
        1.99376494e-02,  3.27043235e-04,  2.17184424e-04,  7.33370483e-02]), array([-0.05789308,  0.02300187,  0.05928981, -0.10819859, -0.02774507,
        0.00998817, -0.00805231, -0.18440309,  0.19215932, -0.15272982,
        0.21349216, -0.06640533, -0.20599967, -0.04440309, -0.08406501,
        0.18078023, -0.18134309, -0.17167719, -0.10286398, -0.08511295,
       -0.0437241 ,  0.05363553,  0.0839963 ,  0.09942213, -0.00987188,
       -0.3206262 , -0.06789695, -0.2099742 ,  0.0963374 , -0.03929247,
       -0.05808578,  0.03523148, -0.23210284,  0.03886363,  0.00294369,
        0.07153308, -0.05508104, -0.07192756,  0.16787557, -0.01397659,
       -0.14021991, -0.05753444,  0.00685661,  0.15243942,  0.23017395,
       -0.0244227 , -0.00923091, -0.1026015 ,  0.05529393, -0.1861168 ,
       -0.05510313,  0.11303639,  0.14277521,  0.07410578,  0.03977484,
       -0.21842572, -0.0187006 ,  0.06234928, -0.12616386,  0.03417142,
       -0.02764545, -0.05562038, -0.02962164, -0.06106684,  0.30380356,
        0.02718027, -0.18042627, -0.0945069 ,  0.19670042, -0.15979573,
        0.05066172,  0.08126374, -0.133371  , -0.15751418, -0.16199398,
       -0.0412665 ,  0.36119062,  0.09645057, -0.15510455,  0.06072749,
       -0.2043131 ,  0.00347393, -0.06182971,  0.04876992, -0.05950036,
        0.0439007 , -0.07146541, -0.03017956,  0.12636372, -0.09442463,
        0.0359115 ,  0.22306606, -0.13932313,  0.059457  , -0.02523203,
       -0.01937917, -0.08430493,  0.00766996, -0.09191723, -0.02177733,
       -0.12761422, -0.08509465,  0.00508571,  0.01789801, -0.16462377,
        0.07854219, -0.00764862, -0.01216002, -0.00153609,  0.03314006,
       -0.09814006, -0.07915472,  0.20946293, -0.3077727 ,  0.2059761 ,
        0.20124277,  0.04940602,  0.18148267,  0.04503091,  0.11215766,
       -0.05412932, -0.04075946, -0.17457815, -0.01542669,  0.06051978,
       -0.05334174, -0.01322685,  0.02770573])]
